-681935
647414
-572682
-435100
956541
-384947
-548372
-506192
-122347
-540621
-298177
284211
-458802
-439966
-906880
840214
427408
113597
-158965
-360061
-268819
395745
-984978
751622
602300
-513888
-875288
332682
723036
591849
194510
932635
31666
488568
-717359
350184
-482057
-168477
-529833
-231151
-348165
308388
-869734
861668
-565198
961703
-437511
981190
-8184
719579
938697
-86339
-612510
-164905
-117389
-743337
-647635
695244
509989
-22063
842371
223670
-794696
626041
860468
34142
408195
795656
905917
-482473
-178177
-5023
-394744
685645
-422786
271364
-187537
63084
-300783
317492
210902
537058
606366
-150011
-490541
-83118
164079
-932396
440004
-917823
475803
901545
-550787
-749709
-121738
-425383
573006
-792489
-898005
-278083
-830895
347927
-786557
-523372
-821525
-94055
-776915
617190
87678
-733856
849004
-900056
-322723
-984634
826954
-367455
622001
-267398
-190685
367154
-253707
574645
-524511
-169000
-386998
-494964
-260146
231244
361922
640696
83342
138900
179155
612881
-241867
986826
-284382
432491
-276909
-325637
-886637
513931
-373885
117583
-542504
15986
951180
-415773
-595558
888615
475117
758512
711577
675981
-215791
783083
406146
-403495
936002
266181
506347
-717786
788882
-878020
-880953
873729
-677388
115764
111989
-965333
93136
-198335
67940
-962479
759272
-618282
-591286
-447640
61294
668024
783988
854973
-111249
415927
-854481
-186912
-866353
479244
849420
-828470
-487206
-484125
-600612
700396
543686
-64465
847524
-572404
-840752
369295
-655325
377401
171399
639863
-705791
415759
920670
531659
-761098
-600701
608742
-171519
390493
471460
458058
637345
-40840
845291
260265
250856
628779
-579232
771366
-156802
728686
-714134
-770740
562686
426014
543302
906685
-344867
-379942
513078
-147063
705062
680727
-212578
901722
933121
419639
684161
339776
487466
677988
-212720
129803
261149
-489671
14970
22880
-223636
870819
141413
533231
-889912
-677241
279610
699842
-502816
-122430
-438736
343754
785508
693153
610590
-275759
253513
-450285
-69882
56232
36326
-42084
895506
-120043
655812
-786835
675851
72118
234694
-953853
-331849
-769041
-89109
-264249
-152445
1139
-29773
122068
-954373
-906078
-247716
137470
129703
572113
454988
697330
-942607
433320
-986436
-243029
575841
-452569
-675436
-442753
501528
-92812
-287136
71155
-817643
210437
134900
-393969
124263
262396
-431945
11984
177091
-302382
-432352
807343
279870
-88613
437915
227689
-394636
-125270
-974008
204226
-206782
-616690
16956
553349
-639101
-909774
891701
-337716
-590399
993057
381542
311990
-986960
-672351
240003
-588980
30705
768041
635241
-898427
79423
830307
-200062
807447
-802940
-928792
394788
-15792
376642
197302
519901
848007
-978254
-38651
710564
520734
851871
-749799
-760078
-246507
441278
-598175
258426
555940
87800
887063
-380410
702331
217911
469075
432556
-12998
149403
-508221
172180
963421
86732
169562
921920
140333
-404252
-882539
823496
-116677
-615745
371045
455952
408689
-848394
-852714
-262682
-401891
707899
850850
194092
675917
-171381
623118
-994504
-211818
-385898
937853
430719
-479092
130941
485939
-26778
481751
402323
-622669
-618826
212193
-875677
316670
-703677
-741591
-660581
11418
678850
984754
-428595
-514651
-392174
217016
-729668
-244946
629780
-175341
-204974
284357
-186551
-625046
-493359
-250265
232136
697675
-619356
464890
160562
-277812
227171
-585853
-674692
-600541
-57327
-14644
246794
128539
-829109
181252
55932
-746665
802350
-347498
815216
-918106
-672749
280282
825318
718906
-563225
-450720
-760451
986407
846508
-348813
-607112
-750146
-403274
-920010
368232
286932
595080
638519
-738041
237415
163442
-925881
921250
752459
563121
532629
-558959
-824046
49937
742659
-980646
-49835
920640
522281
302930
-711435
945896
280337
-806338
368329
268311
-734440
673112
-452229
-240078
589192
-404572
824598
192380
-655046
577990
-518198
779516
450419
475968
171985
593350
383334
616938
-295647
-474249
-567451
-538979
-519196
886171
-88862
638689
698814
885851
-111450
163443
789917
-405342
-771048
170977
647437
316481
994838
542811
775251
555806
143556
398153
919024
130964
-979023
370073
692577
-351972
899147
570239
-624743
-592065
-797921
-808316
876377
344216
172973
225716
429190
-256223
54364
-99991
718217
285728
-320673
874519
-490147
-778620
43219
607327
599274
967670
516463
-16186
810665
-326768
-126219
-335336
211099
142591
-38888
-584292
783161
-669661
-130601
297377
822254
-374211
47651
873162
-156164
102798
-631306
51994
244249
-934562
-722641
488281
221763
146463
-791121
-514201
198301
-495940
-342825
990717
-119957
620596
-38440
-427612
-815002
-314783
-54787
-992266
-393343
-509967
587717
-12161
446539
690990
45049
-944185
709974
838779
-530528
-54363
483157
581591
-844592
704455
-908216
-144815
371403
486344
245384
225930
190160
430574
161989
230161
562592
-222763
-51803
712299
-975318
-913822
-724997
-623108
-70228
523923
-102006
72094
-657803
297424
464902
-343274
689240
-592589
682425
-36004
-508983
-785507
-248459
-868038
-816397
-716342
877236
226922
747100
806908
-961256
595240
34244
-520172
617917
182735
217522
-388778
-963228
238295
485018
-903393
-433325
263701
-921243
-918285
-645635
-370114
800536
-129339
-772408
-994026
-112894
425773
729131
469321
-609077
472531
-337437
-716386
-160614
-945312
705708
586748
619987
664637
125663
973953
51264
573430
-668600
406351
-764450
645802
-266909
583936
-246411
215534
-688356
-7982
-128132
901954
94892
-501124
-847876
309767
627353
-292874
-159261
55516
-811001
864703
746017
-319485
-662896
90526
515176
849879
-985353
7926
-207451
-934470
-330029
-229130
-151784
993808
501556
-411378
-878441
727233
948721
351778
-662413
-565581
288418
-703160
-225835
-512935
-346868
-202348
794930
354264
595524
136357
34023
-633106
307961
-88249
698555
997361
687656
-522920
-664423
-88261
-562005
-314802
842495
425431
863033
512981
644231
915292
947784
-90384
-712951
618706
770408
-762351
605414
-105295
395925
-971864
494539
837038
-377470
-469203
-84089
439707
-624478
-377142
-782648
352791
793719
895424
-933749
939813
321646
311038
799604
-84316
-106433
537896
224578
-685220
-306539
-679934
595286
610663
368780
720882
-966319
210351
-459096
110168
-839756
-857411
-390848
-158728
160900
-10696
368125
829139
913887
-818515
-339326
692554
-982984
-691173
998592
257671
776839
941497
-69477
-91677
-838383
-859242
799410
888189
-59367
-852471
679490
-716681
439813
470046
31241
-117554
963438
-608239
-792022
908765
-644123
-900983
615021
425284
-983587
192222
660458
772832
-693337
-174737
828297
-995066
-171814
-570706
-370687
948258
963987
401770
-945641
505272
-489440
-480
-956404
999531
30781
-276415
438985
45814
-741140
-543000
758455
-393594
981214
281490
-283255
-81736
349042
-235087
-314315
10106
-291842
61040
255590
173459
256523
310117
112543
-81646
880202
30250
-556837
95064
487226
657066
565063
786334
-25159
594331
342899
703851
11926
669035
-685202
347237
-891903
97693
-400756
220573
381246
326430
649916
-586103
-316974
205523
748590
-463063
570093
760198
-546856
-147393
380987
-968841
323770
322367
693278
786895
128189
368238
649307
146795
-900868
973310
642422
-29129
-840616
499923
-341226
74525
-495448
-863389
38211
-72248
897560
653064
-736894
824661
8833
519151
-225283
699260
-399259
-480999
-293449
451247
470251
-151440
-92018
-194889
678575
882185
-415214
377942
-448371
-508866
-788821
-71773
500732
-480825
-611025
376550
115004
-769955
346493
261848
